
output_wf 1
vname sleep X<[3:0]> B0<[3:0]> B1<[3:0]>, B2<[3:0]>, B3<[3:0]> CLK Y<[5:4]> Y<[3:0]>
io i i i i i i i o o
radix 1 4 4 4 4 4 1 2 4
tunit 1ns
period 100
chk_window 10 10 0
trise .001
tfall .001
vih 1.0
vil 0.0
voh 0.6
vol 0.4

1 1 0 0 0 0 0 x x
1 1 0 0 0 0 1 0 0
1 2 0 0 0 1 0 x x
1 2 0 0 0 1 1 0 0
1 3 0 0 0 2 0 x x
1 3 0 0 0 2 1 0 0
1 4 0 0 0 3 0 x x
1 4 0 0 0 3 1 0 0
1 5 0 0 0 4 0 x x
1 5 0 0 0 4 1 0 4
1 6 0 0 0 5 0 x x
1 6 0 0 0 5 1 0 a
1 7 0 0 0 6 0 x x
1 7 0 0 0 6 1 1 2
1 8 0 0 0 7 0 x x
1 8 0 0 0 7 1 1 c
1 9 0 0 0 8 0 x x
1 9 0 0 0 8 1 2 8
1 a 0 0 0 9 0 x x
1 a 0 0 0 9 1 3 6
1 b 0 0 0 a 0 x x
1 b 0 0 0 a 1 0 6
1 c 0 0 0 b 0 x x
1 c 0 0 0 b 1 1 8
1 d 0 0 0 c 0 x x
1 d 0 0 0 c 1 2 c
1 e 0 0 0 d 0 x x
1 e 0 0 0 d 1 0 2
1 f 0 0 0 e 0 x x
1 f 0 0 0 e 1 1 a
1 0 0 0 0 f 0 x x
1 0 0 0 0 f 1 3 4
1 1 0 0 1 0 0 x x
1 1 0 0 1 0 1 0 e
1 2 0 0 1 1 0 x x
1 2 0 0 1 1 1 1 d
1 3 0 0 1 2 0 x x
1 3 0 0 1 2 1 1 e
1 4 0 0 1 3 0 x x
1 4 0 0 1 3 1 0 1
1 5 0 0 1 4 0 x x
1 5 0 0 1 4 1 0 6
1 6 0 0 1 5 0 x x
1 6 0 0 1 5 1 0 d
1 7 0 0 1 6 0 x x
1 7 0 0 1 6 1 1 6
1 8 0 0 1 7 0 x x
1 8 0 0 1 7 1 2 1
1 9 0 0 1 8 0 x x
1 9 0 0 1 8 1 2 e
1 a 0 0 1 9 0 x x
1 a 0 0 1 9 1 3 d
1 b 0 0 1 a 0 x x
1 b 0 0 1 a 1 0 e
1 c 0 0 1 b 0 x x
1 c 0 0 1 b 1 2 1
1 d 0 0 1 c 0 x x
1 d 0 0 1 c 1 3 6
1 e 0 0 1 d 0 x x
1 e 0 0 1 d 1 0 d
1 f 0 0 1 e 0 x x
1 f 0 0 1 e 1 2 6
1 0 0 0 1 f 0 x x
1 0 0 0 1 f 1 0 1
1 1 0 0 2 0 0 x x
1 1 0 0 2 0 1 1 c
1 2 0 0 2 1 0 x x
1 2 0 0 2 1 1 2 c
1 3 0 0 2 2 0 x x
1 3 0 0 2 2 1 1 e
1 4 0 0 2 3 0 x x
1 4 0 0 2 3 1 0 2
1 5 0 0 2 4 0 x x
1 5 0 0 2 4 1 0 8
1 6 0 0 2 5 0 x x
1 6 0 0 2 5 1 1 0
1 7 0 0 2 6 0 x x
1 7 0 0 2 6 1 1 a
1 8 0 0 2 7 0 x x
1 8 0 0 2 7 1 2 6
1 9 0 0 2 8 0 x x
1 9 0 0 2 8 1 3 4
1 a 0 0 2 9 0 x x
1 a 0 0 2 9 1 0 4
1 b 0 0 2 a 0 x x
1 b 0 0 2 a 1 1 6
1 c 0 0 2 b 0 x x
1 c 0 0 2 b 1 2 a
1 d 0 0 2 c 0 x x
1 d 0 0 2 c 1 0 0
1 e 0 0 2 d 0 x x
1 e 0 0 2 d 1 1 8
1 f 0 0 2 e 0 x x
1 f 0 0 2 e 1 3 2
1 0 0 0 2 f 0 x x
1 0 0 0 2 f 1 0 e
1 1 0 0 3 0 0 x x
1 1 0 0 3 0 1 2 a
1 2 0 0 3 1 0 x x
1 2 0 0 3 1 1 3 b
1 3 0 0 3 2 0 x x
1 3 0 0 3 2 1 1 e
1 4 0 0 3 3 0 x x
1 4 0 0 3 3 1 0 3
1 5 0 0 3 4 0 x x
1 5 0 0 3 4 1 0 a
1 6 0 0 3 5 0 x x
1 6 0 0 3 5 1 1 3
1 7 0 0 3 6 0 x x
1 7 0 0 3 6 1 1 e
1 8 0 0 3 7 0 x x
1 8 0 0 3 7 1 2 b
1 9 0 0 3 8 0 x x
1 9 0 0 3 8 1 3 a
1 a 0 0 3 9 0 x x
1 a 0 0 3 9 1 0 b
1 b 0 0 3 a 0 x x
1 b 0 0 3 a 1 1 e
1 c 0 0 3 b 0 x x
1 c 0 0 3 b 1 3 3
1 d 0 0 3 c 0 x x
1 d 0 0 3 c 1 0 a
1 e 0 0 3 d 0 x x
1 e 0 0 3 d 1 2 3
1 f 0 0 3 e 0 x x
1 f 0 0 3 e 1 3 e
1 0 0 0 3 f 0 x x
1 0 0 0 3 f 1 1 b
1 1 0 0 4 0 0 x x
1 1 0 0 4 0 1 3 8
1 2 0 0 4 1 0 x x
1 2 0 0 4 1 1 0 a
1 3 0 0 4 2 0 x x
1 3 0 0 4 2 1 1 e
1 4 0 0 4 3 0 x x
1 4 0 0 4 3 1 0 4
1 5 0 0 4 4 0 x x
1 5 0 0 4 4 1 0 c
1 6 0 0 4 5 0 x x
1 6 0 0 4 5 1 1 6
1 7 0 0 4 6 0 x x
1 7 0 0 4 6 1 2 2
1 8 0 0 4 7 0 x x
1 8 0 0 4 7 1 3 0
1 9 0 0 4 8 0 x x
1 9 0 0 4 8 1 0 0
1 a 0 0 4 9 0 x x
1 a 0 0 4 9 1 1 2
1 b 0 0 4 a 0 x x
1 b 0 0 4 a 1 2 6
1 c 0 0 4 b 0 x x
1 c 0 0 4 b 1 3 c
1 d 0 0 4 c 0 x x
1 d 0 0 4 c 1 1 4
1 e 0 0 4 d 0 x x
1 e 0 0 4 d 1 2 e
1 f 0 0 4 e 0 x x
1 f 0 0 4 e 1 0 a
1 0 0 0 4 f 0 x x
1 0 0 0 4 f 1 2 8
1 1 0 0 5 0 0 x x
1 1 0 0 5 0 1 0 6
1 2 0 0 5 1 0 x x
1 2 0 0 5 1 1 1 9
1 3 0 0 5 2 0 x x
1 3 0 0 5 2 1 1 e
1 4 0 0 5 3 0 x x
1 4 0 0 5 3 1 0 5
1 5 0 0 5 4 0 x x
1 5 0 0 5 4 1 0 e
1 6 0 0 5 5 0 x x
1 6 0 0 5 5 1 1 9
1 7 0 0 5 6 0 x x
1 7 0 0 5 6 1 2 6
1 8 0 0 5 7 0 x x
1 8 0 0 5 7 1 3 5
1 9 0 0 5 8 0 x x
1 9 0 0 5 8 1 0 6
1 a 0 0 5 9 0 x x
1 a 0 0 5 9 1 1 9
1 b 0 0 5 a 0 x x
1 b 0 0 5 a 1 2 e
1 c 0 0 5 b 0 x x
1 c 0 0 5 b 1 0 5
1 d 0 0 5 c 0 x x
1 d 0 0 5 c 1 1 e
1 e 0 0 5 d 0 x x
1 e 0 0 5 d 1 3 9
1 f 0 0 5 e 0 x x
1 f 0 0 5 e 1 1 6
1 0 0 0 5 f 0 x x
1 0 0 0 5 f 1 3 5
1 1 0 0 6 0 0 x x
1 1 0 0 6 0 1 1 4
1 2 0 0 6 1 0 x x
1 2 0 0 6 1 1 2 8
1 3 0 0 6 2 0 x x
1 3 0 0 6 2 1 1 e
1 4 0 0 6 3 0 x x
1 4 0 0 6 3 1 0 6
1 5 0 0 6 4 0 x x
1 5 0 0 6 4 1 1 0
1 6 0 0 6 5 0 x x
1 6 0 0 6 5 1 1 c
1 7 0 0 6 6 0 x x
1 7 0 0 6 6 1 2 a
1 8 0 0 6 7 0 x x
1 8 0 0 6 7 1 3 a
1 9 0 0 6 8 0 x x
1 9 0 0 6 8 1 0 c
1 a 0 0 6 9 0 x x
1 a 0 0 6 9 1 2 0
1 b 0 0 6 a 0 x x
1 b 0 0 6 a 1 3 6
1 c 0 0 6 b 0 x x
1 c 0 0 6 b 1 0 e
1 d 0 0 6 c 0 x x
1 d 0 0 6 c 1 2 8
1 e 0 0 6 d 0 x x
